
                Intercept      6.091         5.995      6.187
               category.1     13.509      -100.732    127.750
               category.2     -2.173        -4.836      0.490
               category.3     13.771       -53.415     80.956
               category.4     -1.744        -4.271      0.784
               category.5     13.684       -36.381     63.750
               category.6     15.531      -156.369    187.431
               category.7     -0.115        -2.126      1.897
               category.8     16.194        -9.660     42.048
               category.9     17.697      -178.065    213.459
              category.10     -0.666        -1.121     -0.212
              category.11     17.076       -12.575     46.727
              category.12     -0.909        -2.214      0.395
              category.13     29.952      -203.716    263.621
              category.14     21.432      -115.148    158.011
              category.15     -1.089        -3.407      1.229
              category.16     23.465      -205.066    251.995
              category.17     16.238       -13.476     45.953
